shotest_path_120: ([[98, 49], [79, 60], [78, 72], [93, 49], [73, 42, 33], [80, 70], [85, 55], 
                   [84, 57], [62, 70], [94, 55], [85, 57], [45, 74, 30], [80, 69], [84, 36, 29], 
				   [92, 58], [46, 91], [90, 60], [83, 42, 25], [98, 43], [64, 84], [93, 57], 
				   [84, 46, 20], [98, 45], [41, 82, 27], [81, 66], [91, 58], [86, 57], [78, 71], 
				   [27, 38, 39, 41], [73, 73], [79, 44, 24], [62, 55, 32], [76, 74], [84, 43, 23], 
				   [73, 42, 35], [96, 50], [38, 83, 28], [96, 44], [43, 37, 69], [87, 58], [70, 80], 
				   [69, 43, 38], [78, 47, 25], [32, 41, 36, 33], [78, 42, 30], [67, 82], [59, 42, 39], 
				   [49, 26, 33, 36], [30, 23]], 0.9359074829931975)   49
				   

our result:				   
shotest_path_250: ([[36, 72, 41], [83, 67], [85, 62], [82, 62], [95, 55], [98, 24, 27], [80, 60],
					[78, 58], [65, 59, 24], [80, 69], [92, 53], [73, 67], [86, 61], [60, 55, 35],
					[85, 59], [90, 30, 29], [99, 49], [98, 50], [79, 67], [74, 73], [78, 44, 26],
					[94, 36, 20], [70, 79], [80, 53], [66, 48, 33], [47, 100], [91, 55], [93, 53],
					[88, 60], [84, 66], [84, 44, 20], [90, 60], [84, 60], [99, 47], [67, 81],
					[70, 58, 22], [78, 70], [94, 53], [88, 60], [82, 57], [69, 58, 23], [78, 65],
					[95, 46], [69, 57, 23], [98, 47], [81, 69], [91, 36, 23], [70, 39, 36],
					[68, 80], [78, 33, 39], [97, 29, 23], [75, 74], [90, 25, 33], [57, 38, 45],
					[92, 32, 25], [79, 67], [98, 42], [98, 46], [82, 46, 20], [78, 72], [92, 57],
					[97, 49], [98, 43], [64, 71], [96, 43], [80, 29, 38], [98, 43], [74, 48, 27],
					[97, 39], [95, 43], [30, 50, 57], [93, 41], [80, 70], [79, 70], [52, 49, 38],
					[22, 84, 42], [100, 47], [100, 46], [83, 64], [76, 72], [96, 41], [73, 53, 22],
					[81, 42, 27], [73, 57, 20], [87, 61], [84, 66], [98, 33], [57, 39, 45],
					[30, 71, 49], [53, 85], [27, 45, 43, 32], [75, 62], [42, 36, 38, 32],
					[41, 76, 30], [81, 45, 24], [37, 58, 42], [43, 38, 39, 28], [37, 25, 55, 32],
					[49, 42, 55], [43, 45, 27, 35], [44, 38, 36, 30], [52, 23]],
					0.936681045751634)   102
				   
				   
				   
ffd result:				   
shotest_path_250: ([[100, 50], [100, 50], [100, 49], [99, 49], [99, 49], [98, 52], [98, 52],
					[98, 49], [98, 49], [98, 48], [98, 48], [98, 47], [98, 47], [97, 53],
					[97, 53], [97, 53], [96, 53], [96, 53], [95, 55], [95, 55], [95, 55],
					[94, 55], [94, 55], [93, 57], [93, 57], [92, 58], [92, 58], [92, 58],
					[91, 59], [91, 59], [90, 60], [90, 60], [90, 60], [88, 62], [88, 62],
					[87, 62], [86, 64], [85, 65], [85, 65], [85, 64], [84, 66], [84, 66],
					[84, 66], [84, 61], [84, 61], [83, 67], [83, 67], [82, 68], [82, 67],
					[82, 67], [81, 69], [81, 69], [81, 69], [81, 69], [80, 70], [80, 70],
					[80, 70], [80, 70], [80, 70], [80, 70], [79, 71], [79, 71], [79, 67],
					[79, 60], [78, 72], [78, 72], [78, 72], [78, 60], [78, 60], [78, 58],
					[76, 74], [76, 74], [75, 75], [74, 73], [73, 73], [73, 57], [57, 57, 36],
					[57, 57, 36], [53, 47, 47], [46, 46, 46], [46, 45, 45], [45, 45, 45],
					[44, 44, 44], [43, 43, 43, 20], [43, 43, 43, 20], [43, 42, 42, 23],
					[42, 42, 42, 24], [42, 41, 41, 26], [41, 41, 39, 29], [39, 39, 39, 33],
					[39, 38, 38, 35], [38, 38, 38, 36], [38, 37, 37, 36], [36, 36, 35, 33],
					[33, 33, 32, 32], [32, 32, 30, 30, 25], [30, 30, 30, 29, 29],
					[28, 27, 27, 27, 27], [27, 25, 25, 24, 24, 23], [23, 23, 23, 22, 22, 22],
					[20, 20]], 0.9582165016501648)   101